Type;FSV-30;
Version;2.30 SP4;
Date;31.Jan 19;
Mode;ANALYZER;
Center Freq;50050000.000000;Hz
Freq Offset;0.000000;Hz
Span;99900000.000000;Hz
x-Axis;LIN;
Start;100000.000000;Hz
Stop;100000000.000000;Hz
Ref Level;7.071068;V
Level Offset;0.000000;dB
Ref Position;100.000000;%
y-Axis;LOG;
Level Range;100.000000;dB
Rf Att;50.000000;dB
El Att;0.000000;dB
RBW;10000.000000;Hz
VBW;10000.000000;Hz
SWT;0.003000;s
Trace Mode;CLR/WRITE;
Detector;SAMPLE;
Sweep Count;0;
Trace 1:;;
x-Unit;Hz;
y-Unit;V;
Preamplifier;OFF;
Transducer;OFF;
Values;691;
100000;0.013487647287547588;
244782.60869565216;0.038054320961236954;
389565.21739130432;0.068697705864906311;
534347.82608695654;0.10045911371707916;
679130.43478260865;0.13155511021614075;
823913.04347826075;0.16138754785060883;
968695.65217391285;0.18966703116893768;
1113478.260869565;0.21472394466400146;
1258260.8695652171;0.23899760842323303;
1403043.4782608692;0.26102373003959656;
1547826.0869565213;0.28140747547149658;
1692608.6956521734;0.30099102854728699;
1837391.3043478255;0.31888896226882935;
1982173.9130434776;0.33542966842651367;
2126956.5217391299;0.34980776906013489;
2271739.1304347822;0.36331561207771301;
2416521.7391304346;0.37592726945877075;
2561304.3478260869;0.38704535365104675;
2706086.9565217393;0.39734995365142822;
2850869.5652173916;0.4067406952381134;
2995652.1739130439;0.41477611660957336;
3140434.7826086963;0.42249137163162231;
3285217.3913043486;0.42933493852615356;
3430000.0000000009;0.43570217490196228;
3574782.6086956533;0.44121468067169189;
3719565.2173913056;0.44616255164146423;
3864347.8260869579;0.45062249898910522;
4009130.4347826103;0.45545056462287903;
4153913.0434782626;0.45872479677200317;
4298695.6521739149;0.46212223172187805;
4443478.2608695673;0.46527048945426941;
4588260.8695652196;0.46821784973144531;
4733043.478260872;0.47095069289207458;
4877826.0869565243;0.47347041964530945;
5022608.6956521766;0.47607403993606567;
5167391.304347829;0.47880050539970398;
5312173.9130434813;0.48141923546791077;
5456956.5217391336;0.48403698205947876;
5601739.130434786;0.48675346374511719;
5746521.7391304383;0.48931759595870972;
5891304.3478260906;0.49036198854446411;
6036086.956521743;0.48873284459114075;
6180869.5652173953;0.48573851585388184;
6325652.1739130476;0.48364782333374023;
6470434.7826087;0.48227918148040771;
6615217.3913043523;0.48172357678413391;
6760000.0000000047;0.48154401779174805;
6904782.608695657;0.48158788681030273;
7049565.2173913093;0.48121544718742371;
7194347.8260869617;0.48077204823493958;
7339130.434782614;0.48011475801467896;
7483913.0434782663;0.48028296232223511;
7628695.6521739187;0.47995948791503906;
7773478.260869571;0.47966676950454712;
7918260.8695652233;0.47940495610237122;
8063043.4782608757;0.47860974073410034;
8207826.086956528;0.47831159830093384;
8352608.6956521804;0.47764253616333008;
8497391.3043478318;0.47701391577720642;
8642173.9130434841;0.47634533047676086;
8786956.5217391364;0.47525623440742493;
8931739.1304347888;0.47394704818725586;
9076521.7391304411;0.47365999221801758;
9221304.3478260934;0.47332289814949036;
9366086.9565217458;0.47323846817016602;
9510869.5652173981;0.47303301095962524;
9655652.1739130504;0.47261974215507507;
9800434.7826087028;0.47186008095741272;
9945217.3913043551;0.47148695588111877;
10090000.000000007;0.47155070304870605;
10234782.60869566;0.47137689590454102;
10379565.217391312;0.47084715962409973;
10524347.826086964;0.47031751275062561;
10669130.434782617;0.46971878409385681;
10813913.043478269;0.46824026107788086;
10958695.652173921;0.4674048125743866;
11103478.260869574;0.46753823757171631;
11248260.869565226;0.46712797880172729;
11393043.478260878;0.46645116806030273;
11537826.086956531;0.4661104679107666;
11682608.695652183;0.46504876017570496;
11827391.304347835;0.46418485045433044;
11972173.913043488;0.46333107352256775;
12116956.52173914;0.46268489956855774;
12261739.130434792;0.46234500408172607;
12406521.739130445;0.46156805753707886;
12551304.347826097;0.46076977252960205;
12696086.956521749;0.45983636379241943;
12840869.565217402;0.45917388796806335;
12985652.173913054;0.45829898118972778;
13130434.782608707;0.45743396878242493;
13275217.391304359;0.45658865571022034;
13420000.000000011;0.45601394772529602;
13564782.608695664;0.45532360672950745;
13709565.217391316;0.45451748371124268;
13854347.826086968;0.45350897312164307;
13999130.434782621;0.45279031991958618;
14143913.043478273;0.45220696926116943;
14288695.652173925;0.4513053297996521;
14433478.260869578;0.45066273212432861;
14578260.86956523;0.45011976361274719;
14723043.478260882;0.44953930377960205;
14867826.086956535;0.44896835088729858;
15012608.695652187;0.44835993647575378;
15157391.304347839;0.44696792960166931;
15302173.913043492;0.44640228152275085;
15446956.521739144;0.44579863548278809;
15591739.130434796;0.44540455937385559;
15736521.739130449;0.44501999020576477;
15881304.347826101;0.44450315833091736;
16026086.956521753;0.44415357708930969;
16170869.565217406;0.44353440403938293;
16315652.173913058;0.44280380010604858;
16460434.78260871;0.44259610772132874;
16605217.391304363;0.44230946898460388;
16750000.000000015;0.4425685703754425;
16894782.608695667;0.44241368770599365;
17039565.21739132;0.44215545058250427;
17184347.826086972;0.44163396954536438;
17329130.434782624;0.44096222519874573;
17473913.043478277;0.44062912464141846;
17618695.652173929;0.44034311175346375;
17763478.260869581;0.44478052854537964;
17908260.869565234;0.4447098970413208;
18053043.478260886;0.44439318776130676;
18197826.086956538;0.44381150603294373;
18342608.695652191;0.44334354996681213;
18487391.304347843;0.44316914677619934;
18632173.913043495;0.44342055916786194;
18776956.521739148;0.44309484958648682;
18921739.1304348;0.44251719117164612;
19066521.739130452;0.442400723695755;
19211304.347826105;0.44260028004646301;
19356086.956521757;0.4427192211151123;
19500869.565217409;0.44022011756896973;
19645652.173913062;0.44054794311523438;
19790434.782608714;0.4373231828212738;
19935217.391304366;0.43726316094398499;
20080000.000000019;0.43761974573135376;
20224782.608695671;0.43820774555206299;
20369565.217391323;0.43805494904518127;
20514347.826086976;0.43855935335159302;
20659130.434782628;0.43892559409141541;
20803913.04347828;0.43880918622016907;
20948695.652173933;0.43904855847358704;
21093478.260869585;0.43967172503471375;
21238260.869565237;0.44001394510269165;
21383043.47826089;0.44045782089233398;
21527826.086956542;0.44096323847770691;
21672608.695652194;0.44142204523086548;
21817391.304347847;0.44174975156784058;
21962173.913043499;0.44199332594871521;
22106956.521739151;0.44327652454376221;
22251739.130434804;0.44387614727020264;
22396521.739130456;0.44448533654212952;
22541304.347826108;0.44466489553451538;
22686086.956521761;0.44527041912078857;
22830869.565217413;0.44597065448760986;
22975652.173913065;0.44668048620223999;
23120434.782608718;0.44755148887634277;
23265217.39130437;0.44832795858383179;
23410000.000000022;0.44391599297523499;
23554782.608695675;0.44545331597328186;
23699565.217391327;0.4464758038520813;
23844347.826086979;0.44739529490470886;
23989130.434782632;0.44823059439659119;
24133913.043478284;0.4493463933467865;
24278695.652173936;0.45048809051513672;
24423478.260869589;0.45150524377822876;
24568260.869565241;0.45771065354347229;
24713043.478260893;0.45399138331413269;
24857826.086956546;0.45548930764198303;
25002608.695652198;0.45624813437461853;
25147391.30434785;0.45830541849136353;
25292173.913043503;0.46239984035491943;
25436956.521739155;0.46070840954780579;
25581739.130434807;0.46215257048606873;
25726521.73913046;0.4638097882270813;
25871304.347826112;0.46523705124855042;
26016086.956521764;0.46742811799049377;
26160869.565217417;0.4688262939453125;
26305652.173913069;0.47048261761665344;
26450434.782608721;0.47241708636283875;
26595217.391304374;0.47458496689796448;
26740000.000000026;0.47649088501930237;
26884782.608695678;0.47846737504005432;
27029565.217391331;0.48041895031929016;
27174347.826086983;0.48248201608657837;
27319130.434782635;0.48421704769134521;
27463913.043478288;0.48677387833595276;
27608695.65217394;0.48897182941436768;
27753478.260869592;0.49110293388366699;
27898260.869565245;0.49071463942527771;
28043043.478260897;0.49356713891029358;
28187826.086956549;0.49749496579170227;
28332608.695652202;0.50099343061447144;
28477391.304347854;0.50337934494018555;
28622173.913043506;0.50587177276611328;
28766956.521739159;0.50870972871780396;
28911739.130434811;0.51084309816360474;
29056521.739130463;0.51376760005950928;
29201304.347826116;0.51651942729949951;
29346086.956521768;0.52031046152114868;
29490869.56521742;0.52317321300506592;
29635652.173913073;0.52623683214187622;
29780434.782608725;0.5295749306678772;
29925217.391304377;0.53270107507705688;
30070000.00000003;0.53615874052047729;
30214782.608695682;0.53929728269577026;
30359565.217391334;0.54215025901794434;
30504347.826086987;0.54302132129669189;
30649130.434782639;0.53933143615722656;
30793913.043478291;0.54072964191436768;
30938695.652173944;0.54693084955215454;
31083478.260869596;0.55227547883987427;
31228260.869565248;0.55686777830123901;
31373043.478260901;0.56106287240982056;
31517826.086956553;0.56258684396743774;
31662608.695652205;0.56659531593322754;
31807391.304347858;0.57044434547424316;
31952173.91304351;0.57429903745651245;
32096956.521739163;0.57826411724090576;
32241739.130434815;0.58247697353363037;
32386521.739130467;0.58659076690673828;
32531304.34782612;0.59002172946929932;
32676086.956521772;0.59366470575332642;
32820869.565217424;0.5972139835357666;
32965652.173913077;0.60109978914260864;
33110434.782608729;0.60422432422637939;
33255217.391304381;0.60735982656478882;
33400000.000000034;0.6109047532081604;
33544782.608695686;0.61409980058670044;
33689565.217391334;0.61750316619873047;
33834347.826086983;0.62002408504486084;
33979130.434782632;0.62260645627975464;
34123913.04347828;0.62554049491882324;
34268695.652173929;0.62751895189285278;
34413478.260869578;0.62977683544158936;
34558260.869565226;0.63223427534103394;
34703043.478260875;0.63360303640365601;
34847826.086956523;0.63461345434188843;
34992608.695652172;0.6356203556060791;
35137391.304347821;0.63616645336151123;
35282173.913043469;0.63607388734817505;
35426956.521739118;0.63545125722885132;
35571739.130434766;0.63449001312255859;
35716521.739130415;0.63325726985931396;
35861304.347826064;0.63113385438919067;
36006086.956521712;0.62902361154556274;
36150869.565217361;0.62607574462890625;
36295652.173913009;0.62229043245315552;
36440434.782608658;0.61846905946731567;
36585217.391304307;0.61374974250793457;
36729999.999999955;0.60853570699691772;
36874782.608695604;0.60311847925186157;
37019565.217391253;0.59699976444244385;
37164347.826086901;0.59025096893310547;
37309130.43478255;0.58342421054840088;
37453913.043478198;0.57602101564407349;
37598695.652173847;0.56842952966690063;
37743478.260869496;0.56004267930984497;
37888260.869565144;0.55206799507141113;
38033043.478260793;0.54350900650024414;
38177826.086956441;0.53416520357131958;
38322608.69565209;0.52510225772857666;
38467391.304347739;0.51651138067245483;
38612173.913043387;0.50684022903442383;
38756956.521739036;0.49728849530220032;
38901739.130434684;0.48778986930847168;
39046521.739130333;0.47880092263221741;
39191304.347825982;0.4692482054233551;
39336086.95652163;0.45969828963279724;
39480869.565217279;0.45064455270767212;
39625652.173912928;0.44117975234985352;
39770434.782608576;0.43189916014671326;
39915217.391304225;0.42310255765914917;
40059999.999999873;0.41423732042312622;
40204782.608695522;0.40533241629600525;
40349565.217391171;0.3970661461353302;
40494347.826086819;0.38839980959892273;
40639130.434782468;0.3806251585483551;
40783913.043478116;0.37252682447433472;
40928695.652173765;0.36447671055793762;
41073478.260869414;0.35763376951217651;
41218260.869565062;0.34972822666168213;
41363043.478260711;0.34249678254127502;
41507826.086956359;0.33523461222648621;
41652608.695652008;0.32865366339683533;
41797391.304347657;0.32160669565200806;
41942173.913043305;0.31615921854972839;
42086956.521738954;0.31001606583595276;
42231739.130434602;0.3034091591835022;
42376521.739130251;0.29732376337051392;
42521304.3478259;0.29175719618797302;
42666086.956521548;0.28585904836654663;
42810869.565217197;0.27989622950553894;
42955652.173912846;0.27455514669418335;
43100434.782608494;0.26798257231712341;
43245217.391304143;0.26295706629753113;
43389999.999999791;0.25767338275909424;
43534782.60869544;0.2525896430015564;
43679565.217391089;0.24817873537540436;
43824347.826086737;0.24331209063529968;
43969130.434782386;0.2384277880191803;
44113913.043478034;0.23384161293506622;
44258695.652173683;0.22983218729496002;
44403478.260869332;0.22532899677753448;
44548260.86956498;0.22296170890331268;
44693043.478260629;0.2183939516544342;
44837826.086956277;0.21427123248577118;
44982608.695651926;0.21043616533279419;
45127391.304347575;0.20647421479225159;
45272173.913043223;0.20256446301937103;
45416956.521738872;0.19815340638160706;
45561739.130434521;0.19465243816375732;
45706521.739130169;0.1911928653717041;
45851304.347825818;0.18803969025611877;
45996086.956521466;0.18444380164146423;
46140869.565217115;0.18127396702766418;
46285652.173912764;0.17846418917179108;
46430434.782608412;0.17563016712665558;
46575217.391304061;0.1723925769329071;
46719999.999999709;0.16954502463340759;
46864782.608695358;0.16657820343971252;
47009565.217391007;0.16431309282779694;
47154347.826086655;0.16147398948669434;
47299130.434782304;0.1589348316192627;
47443913.043477952;0.15628963708877563;
47588695.652173601;0.15493415296077728;
47733478.26086925;0.15225829184055328;
47878260.869564898;0.14992170035839081;
48023043.478260547;0.14748360216617584;
48167826.086956196;0.14510202407836914;
48312608.695651844;0.14280842244625092;
48457391.304347493;0.14048242568969727;
48602173.913043141;0.13819108903408051;
48746956.52173879;0.1365530788898468;
48891739.130434439;0.13446229696273804;
49036521.739130087;0.13239568471908569;
49181304.347825736;0.13026101887226105;
49326086.956521384;0.12845510244369507;
49470869.565217033;0.12639395892620087;
49615652.173912682;0.12461505830287933;
49760434.78260833;0.12279172986745834;
49905217.391303979;0.12107357382774353;
50049999.999999627;0.11930724233388901;
50194782.608695276;0.11759417504072189;
50339565.217390925;0.11559074372053146;
50484347.826086573;0.1141841933131218;
50629130.434782222;0.11237563937902451;
50773913.043477871;0.11092313379049301;
50918695.652173519;0.10944239050149918;
51063478.260869168;0.10780244320631027;
51208260.869564816;0.10634276270866394;
51353043.478260465;0.10477624088525772;
51497826.086956114;0.10345011204481125;
51642608.695651762;0.10193298757076263;
51787391.304347411;0.10075628012418747;
51932173.913043059;0.099243178963661194;
52076956.521738708;0.097987130284309387;
52221739.130434357;0.096526890993118286;
52366521.739130005;0.095486670732498169;
52511304.347825654;0.094116181135177612;
52656086.956521302;0.092883728444576263;
52800869.565216951;0.091710217297077179;
52945652.1739126;0.090416468679904938;
53090434.782608248;0.089158356189727783;
53235217.391303897;0.087871238589286804;
53379999.999999546;0.086770027875900269;
53524782.608695194;0.085728317499160767;
53669565.217390843;0.084580309689044952;
53814347.826086491;0.083533778786659241;
53959130.43478214;0.082540065050125122;
54103913.043477789;0.081498421728610992;
54248695.652173437;0.08043130487203598;
54393478.260869086;0.079326942563056946;
54538260.869564734;0.078388229012489319;
54683043.478260383;0.077341631054878235;
54827826.086956032;0.076419621706008911;
54972608.69565168;0.075513660907745361;
55117391.304347329;0.074284933507442474;
55262173.913042977;0.073010824620723724;
55406956.521738626;0.072542838752269745;
55551739.130434275;0.071581684052944183;
55696521.739129923;0.070702038705348969;
55841304.347825572;0.069648824632167816;
55986086.956521221;0.069027863442897797;
56130869.565216869;0.067901074886322021;
56275652.173912518;0.067303694784641266;
56420434.782608166;0.066207163035869598;
56565217.391303815;0.065454877912998199;
56709999.999999464;0.064392894506454468;
56854782.608695112;0.06404181569814682;
56999565.217390761;0.06311306357383728;
57144347.826086409;0.06210596114397049;
57289130.434782058;0.06168680265545845;
57433913.043477707;0.060689020901918411;
57578695.652173355;0.060021001845598221;
57723478.260869004;0.059300556778907776;
57868260.869564652;0.058750070631504059;
58013043.478260301;0.058127384632825851;
58157826.08695595;0.057158030569553375;
58302608.695651598;0.056425884366035461;
58447391.304347247;0.056070074439048767;
58592173.913042895;0.055183157324790955;
58736956.521738544;0.054550435394048691;
58881739.130434193;0.053819477558135986;
59026521.739129841;0.053226277232170105;
59171304.34782549;0.052458927035331726;
59316086.956521139;0.052062053233385086;
59460869.565216787;0.051249749958515167;
59605652.173912436;0.050857029855251312;
59750434.782608084;0.049940753728151321;
59895217.391303733;0.049420136958360672;
60039999.999999382;0.048855982720851898;
60184782.60869503;0.048197705298662186;
60329565.217390679;0.047789242118597031;
60474347.826086327;0.047096643596887589;
60619130.434781976;0.046644892543554306;
60763913.043477625;0.046142373234033585;
60908695.652173273;0.045565582811832428;
61053478.260868922;0.044998884201049805;
61198260.86956457;0.044560611248016357;
61343043.478260219;0.044017251580953598;
61487826.086955868;0.043606411665678024;
61632608.695651516;0.043183747678995132;
61777391.304347165;0.042515367269515991;
61922173.913042814;0.042103603482246399;
62066956.521738462;0.041776891797780991;
62211739.130434111;0.041405979543924332;
62356521.739129759;0.040846671909093857;
62501304.347825408;0.040502689778804779;
62646086.956521057;0.040161054581403732;
62790869.565216705;0.039657335728406906;
62935652.173912354;0.038759682327508926;
63080434.782608002;0.038567744195461273;
63225217.391303651;0.038181610405445099;
63369999.9999993;0.03754274919629097;
63514782.608694948;0.036968618631362915;
63659565.217390597;0.036653559654951096;
63804347.826086245;0.035978760570287704;
63949130.434781894;0.03538605198264122;
64093913.043477543;0.035166274756193161;
64238695.652173191;0.034634876996278763;
64383478.26086884;0.034379232674837112;
64528260.869564489;0.03383239358663559;
64673043.478260137;0.033416170626878738;
64817826.086955786;0.032976623624563217;
64962608.695651434;0.032537795603275299;
65107391.304347083;0.031992077827453613;
65252173.913042732;0.031937524676322937;
65396956.52173838;0.031342282891273499;
65541739.130434029;0.031123239547014236;
65686521.739129677;0.03098621778190136;
65831304.347825326;0.030478261411190033;
65976086.956520975;0.030019834637641907;
66120869.565216623;0.029733549803495407;
66265652.173912272;0.029361283406615257;
66410434.78260792;0.02897687628865242;
66555217.391303569;0.028968822211027145;
66699999.999999218;0.028347957879304886;
66844782.608694866;0.027907948940992355;
66989565.217390515;0.027869261801242828;
67134347.826086164;0.027779189869761467;
67279130.43478182;0.027063596993684769;
67423913.043477476;0.026790827512741089;
67568695.652173132;0.02657768502831459;
67713478.260868788;0.026102799922227859;
67858260.869564444;0.026125663891434669;
68003043.4782601;0.02563958615064621;
68147826.086955756;0.025548476725816727;
68292608.695651412;0.025159476324915886;
68437391.304347068;0.024899762123823166;
68582173.913042724;0.024824073538184166;
68726956.52173838;0.024574538692831993;
68871739.130434036;0.023958828300237656;
69016521.739129692;0.023854846134781837;
69161304.347825348;0.023548657074570656;
69306086.956521004;0.023426955565810204;
69450869.56521666;0.023444551974534988;
69595652.173912317;0.022859621793031693;
69740434.782607973;0.022847497835755348;
69885217.391303629;0.022333944216370583;
70029999.999999285;0.022276388481259346;
70174782.608694941;0.022131640464067459;
70319565.217390597;0.021790308877825737;
70464347.826086253;0.021630391478538513;
70609130.434781909;0.021519791334867477;
70753913.043477565;0.021179109811782837;
70898695.652173221;0.020821524783968925;
71043478.260868877;0.020539935678243637;
71188260.869564533;0.020582625642418861;
71333043.478260189;0.020398912951350212;
71477826.086955845;0.020076761022210121;
71622608.695651501;0.019876386970281601;
71767391.304347157;0.019589267671108246;
71912173.913042814;0.019265839830040932;
72056956.52173847;0.019393347203731537;
72201739.130434126;0.01895495317876339;
72346521.739129782;0.018710905686020851;
72491304.347825438;0.018546814098954201;
72636086.956521094;0.018372006714344025;
72780869.56521675;0.018025705590844154;
72925652.173912406;0.018014244735240936;
73070434.782608062;0.017794985324144363;
73215217.391303718;0.017632013186812401;
73359999.999999374;0.01744987815618515;
73504782.60869503;0.017274806275963783;
73649565.217390686;0.016995934769511223;
73794347.826086342;0.016600985080003738;
73939130.434781998;0.016550151631236076;
74083913.043477654;0.01658182218670845;
74228695.652173311;0.016532406210899353;
74373478.260868967;0.016010420396924019;
74518260.869564623;0.015914821997284889;
74663043.478260279;0.015900617465376854;
74807826.086955935;0.015940696001052856;
74952608.695651591;0.01567857526242733;
75097391.304347247;0.015311430208384991;
75242173.913042903;0.015145264565944672;
75386956.521738559;0.015169105492532253;
75531739.130434215;0.014904726296663284;
75676521.739129871;0.014982546679675579;
75821304.347825527;0.014774790033698082;
75966086.956521183;0.014290336519479752;
76110869.565216839;0.014524358324706554;
76255652.173912495;0.014071185141801834;
76400434.782608151;0.013826420530676842;
76545217.391303807;0.01373017393052578;
76689999.999999464;0.013525944203138351;
76834782.60869512;0.013392687775194645;
76979565.217390776;0.013250336050987244;
77124347.826086432;0.013024868443608284;
77269130.434782088;0.01276159193366766;
77413913.043477744;0.01264498196542263;
77558695.6521734;0.012428027577698231;
77703478.260869056;0.012545030564069748;
77848260.869564712;0.012235302478075027;
77993043.478260368;0.01223292201757431;
78137826.086956024;0.012026681564748287;
78282608.69565168;0.011942268349230289;
78427391.304347336;0.011937129311263561;
78572173.913042992;0.011688375845551491;
78716956.521738648;0.011660573072731495;
78861739.130434304;0.01127238105982542;
79006521.739129961;0.011373275890946388;
79151304.347825617;0.011123096570372581;
79296086.956521273;0.011134949512779713;
79440869.565216929;0.01085248775780201;
79585652.173912585;0.010820002295076847;
79730434.782608241;0.010519859381020069;
79875217.391303897;0.010605095885694027;
80019999.999999553;0.010330138728022575;
80164782.608695209;0.010305965319275856;
80309565.217390865;0.01020808145403862;
80454347.826086521;0.010223386809229851;
80599130.434782177;0.0098382513970136642;
80743913.043477833;0.0096818991005420685;
80888695.652173489;0.0097136655822396278;
81033478.260869145;0.0095198005437850952;
81178260.869564801;0.0094831585884094238;
81323043.478260458;0.0094188079237937927;
81467826.086956114;0.0095192864537239075;
81612608.69565177;0.008953142911195755;
81757391.304347426;0.0089286426082253456;
81902173.913043082;0.0089910002425312996;
82046956.521738738;0.008782639168202877;
82191739.130434394;0.0087073743343353271;
82336521.73913005;0.0085004745051264763;
82481304.347825706;0.0084037827327847481;
82626086.956521362;0.0081444317474961281;
82770869.565217018;0.0083433939144015312;
82915652.173912674;0.0082632312551140785;
83060434.78260833;0.0079694809392094612;
83205217.391303986;0.008354654535651207;
83349999.999999642;0.0079600568860769272;
83494782.608695298;0.0079232258722186089;
83639565.217390954;0.0074755735695362091;
83784347.826086611;0.0077003855258226395;
83929130.434782267;0.0073696696199476719;
84073913.043477923;0.0073109064251184464;
84218695.652173579;0.0074186841957271099;
84363478.260869235;0.0072832750156521797;
84508260.869564891;0.0072188344784080982;
84653043.478260547;0.0070199938490986824;
84797826.086956203;0.0070696440525352955;
84942608.695651859;0.006712108850479126;
85087391.304347515;0.0065291882492601871;
85232173.913043171;0.0064747203141450882;
85376956.521738827;0.0064655393362045288;
85521739.130434483;0.0065895370207726955;
85666521.739130139;0.0063923932611942291;
85811304.347825795;0.0061602555215358734;
85956086.956521451;0.0060465889982879162;
86100869.565217108;0.0061701303347945213;
86245652.173912764;0.0060983975417912006;
86390434.78260842;0.0058553675189614296;
86535217.391304076;0.0057688015513122082;
86679999.999999732;0.0057396506890654564;
86824782.608695388;0.0056160162203013897;
86969565.217391044;0.005730112548917532;
87114347.8260867;0.0054964171722531319;
87259130.434782356;0.0054885894060134888;
87403913.043478012;0.0053316024132072926;
87548695.652173668;0.0052172648720443249;
87693478.260869324;0.0053642727434635162;
87838260.86956498;0.0051228106021881104;
87983043.478260636;0.0049588670954108238;
88127826.086956292;0.0050832363776862621;
88272608.695651948;0.0049241264350712299;
88417391.304347605;0.0048530795611441135;
88562173.913043261;0.0046485220082104206;
88706956.521738917;0.0048177996650338173;
88851739.130434573;0.0046534552238881588;
88996521.739130229;0.0044005466625094414;
89141304.347825885;0.0044557107612490654;
89286086.956521541;0.0044824215583503246;
89430869.565217197;0.0041900505311787128;
89575652.173912853;0.0041509056463837624;
89720434.782608509;0.004103346262127161;
89865217.391304165;0.0041364128701388836;
90009999.999999821;0.004154677502810955;
90154782.608695477;0.0040123048238456249;
90299565.217391133;0.0039709662087261677;
90444347.826086789;0.0038514030165970325;
90589130.434782445;0.0037272458430379629;
90733913.043478101;0.0038736064452677965;
90878695.652173758;0.0037612090818583965;
91023478.260869414;0.0034012750256806612;
91168260.86956507;0.0036894469521939754;
91313043.478260726;0.0033538436982780695;
91457826.086956382;0.0035441967193037271;
91602608.695652038;0.0034531892742961645;
91747391.304347694;0.0032209483906626701;
91892173.91304335;0.0031896480359137058;
92036956.521739006;0.0029472745954990387;
92181739.130434662;0.0030001758132129908;
92326521.739130318;0.0028778179548680782;
92471304.347825974;0.0028182726819068193;
92616086.95652163;0.0028889796230942011;
92760869.565217286;0.0025345725007355213;
92905652.173912942;0.0029706568457186222;
93050434.782608598;0.0026085467543452978;
93195217.391304255;0.0025190019514411688;
93339999.999999911;0.0026548139285296202;
93484782.608695567;0.0027133570984005928;
93629565.217391223;0.0023106432054191828;
93774347.826086879;0.0024258461780846119;
93919130.434782535;0.0022761966101825237;
94063913.043478191;0.0024651556741446257;
94208695.652173847;0.0020697466097772121;
94353478.260869503;0.0023532044142484665;
94498260.869565159;0.0021261204965412617;
94643043.478260815;0.0021881428547203541;
94787826.086956471;0.0019208894809707999;
94932608.695652127;0.0020205166656523943;
95077391.304347783;0.0017522861016914248;
95222173.913043439;0.001751272939145565;
95366956.521739095;0.0015212614089250565;
95511739.130434752;0.0016599188093096018;
95656521.739130408;0.001648837816901505;
95801304.347826064;0.001779082347638905;
95946086.95652172;0.0016365754418075085;
96090869.565217376;0.001512042130343616;
96235652.173913032;0.0016751266084611416;
96380434.782608688;0.0014419057406485081;
96525217.391304344;0.00145748071372509;
96670000;0.001477583427913487;
96814782.608695656;0.0011312811402603984;
96959565.217391312;0.0014241028111428022;
97104347.826086968;0.0013063607038930058;
97249130.434782624;0.0013796089915558696;
97393913.04347828;0.0010778682772070169;
97538695.652173936;0.00088099908316507936;
97683478.260869592;0.0012140604667365551;
97828260.869565248;0.00093863793881610036;
97973043.478260905;0.00093306426424533129;
98117826.086956561;0.00080123223597183824;
98262608.695652217;0.00077592663001269102;
98407391.304347873;0.00088201492326334119;
98552173.913043529;0.0008831642335280776;
98696956.521739185;0.00079021957935765386;
98841739.130434841;0.00088985462207347155;
98986521.739130497;0.00060490419855341315;
99131304.347826153;0.00055017106933519244;
99276086.956521809;0.00056878762552514672;
99420869.565217465;0.00056179403327405453;
99565652.173913121;0.0007131556048989296;
99710434.782608777;0.00050462858052924275;
99855217.391304433;0.00050067593110725284;
100000000.00000009;0.00053142145043238997;
