Type;FSV-30;
Version;2.30 SP4;
Date;12.Feb 19;
Mode;ANALYZER;
Center Freq;50050000.000000;Hz
Freq Offset;0.000000;Hz
Span;99900000.000000;Hz
x-Axis;LIN;
Start;100000.000000;Hz
Stop;100000000.000000;Hz
Ref Level;7.071068;V
Level Offset;0.000000;dB
Ref Position;100.000000;%
y-Axis;LOG;
Level Range;100.000000;dB
Rf Att;50.000000;dB
El Att;0.000000;dB
RBW;3000.000000;Hz
VBW;3000.000000;Hz
SWT;0.003000;s
Trace Mode;CLR/WRITE;
Detector;SAMPLE;
Sweep Count;0;
Trace 1:;;
x-Unit;Hz;
y-Unit;V;
Preamplifier;OFF;
Transducer;OFF;
Values;691;
100000;0.0052491449750959873;
244782.60869565216;0.014874459244310856;
389565.21739130432;0.027534954249858856;
534347.82608695654;0.039994549006223679;
679130.43478260865;0.052399639040231705;
823913.04347826075;0.064266182482242584;
968695.65217391285;0.07577824592590332;
1113478.260869565;0.085706748068332672;
1258260.8695652171;0.095338396728038788;
1403043.4782608692;0.10410114377737045;
1547826.0869565213;0.11246230453252792;
1692608.6956521734;0.12014130502939224;
1837391.3043478255;0.12741076946258545;
1982173.9130434776;0.1339695155620575;
2126956.5217391299;0.13980697095394135;
2271739.1304347822;0.14518728852272034;
2416521.7391304346;0.15012793242931366;
2561304.3478260869;0.15459719300270081;
2706086.9565217393;0.15856151282787323;
2850869.5652173916;0.16246649622917175;
2995652.1739130439;0.16559135913848877;
3140434.7826086963;0.16873610019683838;
3285217.3913043486;0.1713072657585144;
3430000.0000000009;0.17398115992546082;
3574782.6086956533;0.17609962821006775;
3719565.2173913056;0.17801244556903839;
3864347.8260869579;0.1798587441444397;
4009130.4347826103;0.18128351867198944;
4153913.0434782626;0.1827329695224762;
4298695.6521739149;0.18411879241466522;
4443478.2608695673;0.18530312180519104;
4588260.8695652196;0.18652178347110748;
4733043.478260872;0.18749916553497314;
4877826.0869565243;0.1884516179561615;
5022608.6956521766;0.18950843811035156;
5167391.304347829;0.19036756455898285;
5312173.9130434813;0.19140666723251343;
5456956.5217391336;0.19228805601596832;
5601739.130434786;0.1931709498167038;
5746521.7391304383;0.19382812082767487;
5891304.3478260906;0.19346487522125244;
6036086.956521743;0.19235211610794067;
6180869.5652173953;0.19159197807312012;
6325652.1739130476;0.1908453106880188;
6470434.7826087;0.19069434702396393;
6615217.3913043523;0.19050340354442596;
6760000.0000000047;0.1903965175151825;
6904782.608695657;0.19037367403507233;
7049565.2173913093;0.19017089903354645;
7194347.8260869617;0.189996138215065;
7339130.434782614;0.1898312121629715;
7483913.0434782663;0.18973588943481445;
7628695.6521739187;0.18955184519290924;
7773478.260869571;0.18922656774520874;
7918260.8695652233;0.18912336230278015;
8063043.4782608757;0.18892739713191986;
8207826.086956528;0.18868306279182434;
8352608.6956521804;0.18843944370746613;
8497391.3043478318;0.1877855658531189;
8642173.9130434841;0.18756973743438721;
8786956.5217391364;0.18718837201595306;
8931739.1304347888;0.18676772713661194;
9076521.7391304411;0.1865285336971283;
9221304.3478260934;0.18629339337348938;
9366086.9565217458;0.18621046841144562;
9510869.5652173981;0.18584467470645905;
9655652.1739130504;0.18548291921615601;
9800434.7826087028;0.18529687821865082;
9945217.3913043551;0.18498224020004272;
10090000.000000007;0.18471112847328186;
10234782.60869566;0.18468570709228516;
10379565.217391312;0.18437185883522034;
10524347.826086964;0.18399965763092041;
10669130.434782617;0.18360418081283569;
10813913.043478269;0.18312695622444153;
10958695.652173921;0.18263432383537292;
11103478.260869574;0.182644322514534;
11248260.869565226;0.18231545388698578;
11393043.478260878;0.18209348618984222;
11537826.086956531;0.18166458606719971;
11682608.695652183;0.18149487674236298;
11827391.304347835;0.1808910071849823;
11972173.913043488;0.18041683733463287;
12116956.52173914;0.18026639521121979;
12261739.130434792;0.17985714972019196;
12406521.739130445;0.17976772785186768;
12551304.347826097;0.17937391996383667;
12696086.956521749;0.17898401618003845;
12840869.565217402;0.17849154770374298;
12985652.173913054;0.17816655337810516;
13130434.782608707;0.17787036299705505;
13275217.391304359;0.17757751047611237;
13420000.000000011;0.17715063691139221;
13564782.608695664;0.17685799300670624;
13709565.217391316;0.17645740509033203;
13854347.826086968;0.17620968818664551;
13999130.434782621;0.1758502721786499;
14143913.043478273;0.17561015486717224;
14288695.652173925;0.17516903579235077;
14433478.260869578;0.17486955225467682;
14578260.86956523;0.17462220788002014;
14723043.478260882;0.17437869310379028;
14867826.086956535;0.17428036034107208;
15012608.695652187;0.17412994801998138;
15157391.304347839;0.17347849905490875;
15302173.913043492;0.17337384819984436;
15446956.521739144;0.17300473153591156;
15591739.130434796;0.17276062071323395;
15736521.739130449;0.17263038456439972;
15881304.347826101;0.17254059016704559;
16026086.956521753;0.1722746342420578;
16170869.565217406;0.1720527708530426;
16315652.173913058;0.1717025488615036;
16460434.78260871;0.17173285782337189;
16605217.391304363;0.17164753377437592;
16750000.000000015;0.17171104252338409;
16894782.608695667;0.17167654633522034;
17039565.21739132;0.17154046893119812;
17184347.826086972;0.17133912444114685;
17329130.434782624;0.17102539539337158;
17473913.043478277;0.17092935740947723;
17618695.652173929;0.1707463264465332;
17763478.260869581;0.17230208218097687;
17908260.869565234;0.1722053736448288;
18053043.478260886;0.17215614020824432;
18197826.086956538;0.17192079126834869;
18342608.695652191;0.17197379469871521;
18487391.304347843;0.17180056869983673;
18632173.913043495;0.17166388034820557;
18776956.521739148;0.17162933945655823;
18921739.1304348;0.17149637639522552;
19066521.739130452;0.17131601274013519;
19211304.347826105;0.171434685587883;
19356086.956521757;0.17145487666130066;
19500869.565217409;0.17049872875213623;
19645652.173913062;0.17064610123634338;
19790434.782608714;0.16957865655422211;
19935217.391304366;0.16954819858074188;
20080000.000000019;0.16973952949047089;
20224782.608695671;0.16992005705833435;
20369565.217391323;0.16993604600429535;
20514347.826086976;0.17003783583641052;
20659130.434782628;0.17023274302482605;
20803913.04347828;0.17041172087192535;
20948695.652173933;0.17034491896629333;
21093478.260869585;0.17059247195720673;
21238260.869565237;0.17094825208187103;
21383043.47826089;0.17107979953289032;
21527826.086956542;0.17149890959262848;
21672608.695652194;0.17150264978408813;
21817391.304347847;0.17173402011394501;
21962173.913043499;0.17188230156898499;
22106956.521739151;0.17235949635505676;
22251739.130434804;0.17271414399147034;
22396521.739130456;0.17306891083717346;
22541304.347826108;0.17322336137294769;
22686086.956521761;0.17338788509368896;
22830869.565217413;0.17377527058124542;
22975652.173913065;0.17402395606040955;
23120434.782608718;0.1742141991853714;
23265217.39130437;0.17474095523357391;
23410000.000000022;0.17258059978485107;
23554782.608695675;0.17331203818321228;
23699565.217391327;0.17360429465770721;
23844347.826086979;0.1741224080324173;
23989130.434782632;0.17450734972953796;
24133913.043478284;0.17489609122276306;
24278695.652173936;0.1752774715423584;
24423478.260869589;0.17590706050395966;
24568260.869565241;0.17810557782649994;
24713043.478260893;0.17669622600078583;
24857826.086956546;0.17724885046482086;
25002608.695652198;0.17769847810268402;
25147391.30434785;0.17845019698143005;
25292173.913043503;0.1800445020198822;
25436956.521739155;0.1795135885477066;
25581739.130434807;0.18011006712913513;
25726521.73913046;0.18092086911201477;
25871304.347826112;0.18126137554645538;
26016086.956521764;0.18207243084907532;
26160869.565217417;0.18263451755046844;
26305652.173913069;0.18346972763538361;
26450434.782608721;0.18412940204143524;
26595217.391304374;0.18485061824321747;
26740000.000000026;0.18555288016796112;
26884782.608695678;0.18638645112514496;
27029565.217391331;0.18720830976963043;
27174347.826086983;0.18777349591255188;
27319130.434782635;0.18874980509281158;
27463913.043478288;0.18959259986877441;
27608695.65217394;0.1902679055929184;
27753478.260869592;0.19105255603790283;
27898260.869565245;0.19068960845470428;
28043043.478260897;0.19160875678062439;
28187826.086956549;0.19313783943653107;
28332608.695652202;0.19431325793266296;
28477391.304347854;0.19520731270313263;
28622173.913043506;0.19613842666149139;
28766956.521739159;0.19696536660194397;
28911739.130434811;0.19769641757011414;
29056521.739130463;0.1986699253320694;
29201304.347826116;0.19940963387489319;
29346086.956521768;0.20038561522960663;
29490869.56521742;0.20136594772338867;
29635652.173913073;0.20228345692157745;
29780434.782608725;0.20315545797348022;
29925217.391304377;0.20388519763946533;
30070000.00000003;0.20482666790485382;
30214782.608695682;0.2055782824754715;
30359565.217391334;0.20572537183761597;
30504347.826086987;0.20553983747959137;
30649130.434782639;0.20622695982456207;
30793913.043478291;0.20735748112201691;
30938695.652173944;0.20866610109806061;
31083478.260869596;0.20980256795883179;
31228260.869565248;0.21079331636428833;
31373043.478260901;0.21165482699871063;
31517826.086956553;0.21139040589332581;
31662608.695652205;0.21202711760997772;
31807391.304347858;0.21284337341785431;
31952173.91304351;0.21352519094944;
32096956.521739163;0.21412645280361176;
32241739.130434815;0.21486972272396088;
32386521.739130467;0.2152138352394104;
32531304.34782612;0.21565899252891541;
32676086.956521772;0.2160261869430542;
32820869.565217424;0.21627411246299744;
32965652.173913077;0.21657256782054901;
33110434.782608729;0.21671493351459503;
33255217.391304381;0.21679304540157318;
33400000.000000034;0.21679767966270447;
33544782.608695686;0.21688954532146454;
33689565.217391334;0.21676553785800934;
33834347.826086983;0.21666905283927917;
33979130.434782632;0.21623247861862183;
34123913.04347828;0.21592450141906738;
34268695.652173929;0.21551534533500671;
34413478.260869578;0.21475519239902496;
34558260.869565226;0.21427471935749054;
34703043.478260875;0.21362784504890442;
34847826.086956523;0.21257635951042175;
34992608.695652172;0.21176610887050629;
35137391.304347821;0.21057133376598358;
35282173.913043469;0.20933210849761963;
35426956.521739118;0.20817568898200989;
35571739.130434766;0.20667584240436554;
35716521.739130415;0.20544134080410004;
35861304.347826064;0.20375408232212067;
36006086.956521712;0.20204509794712067;
36150869.565217361;0.20038999617099762;
36295652.173913009;0.19857539236545563;
36440434.782608658;0.19686633348464966;
36585217.391304307;0.19488586485385895;
36729999.999999955;0.19277933239936829;
36874782.608695604;0.19059295952320099;
37019565.217391253;0.18851695954799652;
37164347.826086901;0.18624980747699738;
37309130.43478255;0.18432040512561798;
37453913.043478198;0.18219093978404999;
37598695.652173847;0.17958433926105499;
37743478.260869496;0.17734237015247345;
37888260.869565144;0.17491137981414795;
38033043.478260793;0.17289465665817261;
38177826.086956441;0.1703631728887558;
38322608.69565209;0.16823543608188629;
38467391.304347739;0.16562686860561371;
38612173.913043387;0.16334334015846252;
38756956.521739036;0.16090920567512512;
38901739.130434684;0.15863481163978577;
39046521.739130333;0.1564871221780777;
39191304.347825982;0.15406917035579681;
39336086.95652163;0.15175409615039825;
39480869.565217279;0.14948137104511261;
39625652.173912928;0.1471668928861618;
39770434.782608576;0.14512135088443756;
39915217.391304225;0.14279958605766296;
40059999.999999873;0.14064517617225647;
40204782.608695522;0.13853670656681061;
40349565.217391171;0.13629159331321716;
40494347.826086819;0.13435445725917816;
40639130.434782468;0.13218596577644348;
40783913.043478116;0.13021194934844971;
40928695.652173765;0.12821508944034576;
41073478.260869414;0.12605923414230347;
41218260.869565062;0.12436174601316452;
41363043.478260711;0.1223045289516449;
41507826.086956359;0.12050185352563858;
41652608.695652008;0.11877167969942093;
41797391.304347657;0.11674369871616364;
41942173.913043305;0.11559662222862244;
42086956.521738954;0.11385631561279297;
42231739.130434602;0.11194528639316559;
42376521.739130251;0.11037969589233398;
42521304.3478259;0.10873741656541824;
42666086.956521548;0.10701338946819305;
42810869.565217197;0.10537295788526535;
42955652.173912846;0.10381267219781876;
43100434.782608494;0.10152804851531982;
43245217.391304143;0.099878624081611633;
43389999.999999791;0.098563030362129211;
43534782.60869544;0.097138233482837677;
43679565.217391089;0.095566645264625549;
43824347.826086737;0.094239450991153717;
43969130.434782386;0.092803895473480225;
44113913.043478034;0.091396138072013855;
44258695.652173683;0.090395256876945496;
44403478.260869332;0.089082062244415283;
44548260.86956498;0.088330768048763275;
44693043.478260629;0.086750902235507965;
44837826.086956277;0.085560522973537445;
44982608.695651926;0.084321729838848114;
45127391.304347575;0.083095192909240723;
45272173.913043223;0.082062751054763794;
45416956.521738872;0.080558218061923981;
45561739.130434521;0.079411864280700684;
45706521.739130169;0.078240521252155304;
45851304.347825818;0.077075272798538208;
45996086.956521466;0.076080083847045898;
46140869.565217115;0.075217984616756439;
46285652.173912764;0.074149556457996368;
46430434.782608412;0.073175251483917236;
46575217.391304061;0.072286240756511688;
46719999.999999709;0.071277350187301636;
46864782.608695358;0.070447087287902832;
47009565.217391007;0.069498591125011444;
47154347.826086655;0.068522490561008453;
47299130.434782304;0.067723162472248077;
47443913.043477952;0.066907428205013275;
47588695.652173601;0.066718019545078278;
47733478.26086925;0.065892651677131653;
47878260.869564898;0.06484115868806839;
48023043.478260547;0.064245849847793579;
48167826.086956196;0.063438497483730316;
48312608.695651844;0.062581084668636322;
48457391.304347493;0.062133979052305222;
48602173.913043141;0.061185572296380997;
48746956.52173879;0.060344967991113663;
48891739.130434439;0.059663623571395874;
49036521.739130087;0.058980252593755722;
49181304.347825736;0.058324657380580902;
49326086.956521384;0.057778246700763702;
49470869.565217033;0.056810401380062103;
49615652.173912682;0.056123681366443634;
49760434.78260833;0.055607393383979797;
49905217.391303979;0.055014174431562424;
50049999.999999627;0.054447170346975327;
50194782.608695276;0.053622819483280182;
50339565.217390925;0.053198203444480896;
50484347.826086573;0.052535511553287506;
50629130.434782222;0.052000738680362701;
50773913.043477871;0.051417239010334015;
50918695.652173519;0.050852734595537186;
51063478.260869168;0.050225093960762024;
51208260.869564816;0.049705598503351212;
51353043.478260465;0.049190577119588852;
51497826.086956114;0.048631817102432251;
51642608.695651762;0.048235490918159485;
51787391.304347411;0.047574032098054886;
51932173.913043059;0.046986818313598633;
52076956.521738708;0.046642918139696121;
52221739.130434357;0.046189315617084503;
52366521.739130005;0.045680701732635498;
52511304.347825654;0.045187961310148239;
52656086.956521302;0.044609956443309784;
52800869.565216951;0.0441935695707798;
52945652.1739126;0.043739877641201019;
53090434.782608248;0.043452031910419464;
53235217.391303897;0.043038465082645416;
53379999.999999546;0.042343225330114365;
53524782.608695194;0.041844312101602554;
53669565.217390843;0.041656266897916794;
53814347.826086491;0.041253570467233658;
53959130.43478214;0.040854446589946747;
54103913.043477789;0.040422476828098297;
54248695.652173437;0.039907839149236679;
54393478.260869086;0.039573762565851212;
54538260.869564734;0.039343450218439102;
54683043.478260383;0.039043236523866653;
54827826.086956032;0.038636792451143265;
54972608.69565168;0.038304686546325684;
55117391.304347329;0.037755735218524933;
55262173.913042977;0.037424866110086441;
55406956.521738626;0.037066545337438583;
55551739.130434275;0.036740228533744812;
55696521.739129923;0.036428973078727722;
55841304.347825572;0.0360289067029953;
55986086.956521221;0.0356888547539711;
56130869.565216869;0.03540169820189476;
56275652.173912518;0.034954551607370377;
56420434.782608166;0.034549489617347717;
56565217.391303815;0.034318126738071442;
56709999.999999464;0.033936213701963425;
56854782.608695112;0.033509813249111176;
56999565.217390761;0.033281330019235611;
57144347.826086409;0.032802481204271317;
57289130.434782058;0.032598849385976791;
57433913.043477707;0.032118808478116989;
57578695.652173355;0.03178921714425087;
57723478.260869004;0.031414847820997238;
57868260.869564652;0.03105255588889122;
58013043.478260301;0.030771588906645775;
58157826.08695595;0.030290871858596802;
58302608.695651598;0.0297966618090868;
58447391.304347247;0.029498931020498276;
58592173.913042895;0.029149625450372696;
58736956.521738544;0.028864849358797073;
58881739.130434193;0.028372706845402718;
59026521.739129841;0.028067341074347496;
59171304.34782549;0.027717079967260361;
59316086.956521139;0.027345305308699608;
59460869.565216787;0.027053609490394592;
59605652.173912436;0.026834173128008842;
59750434.782608084;0.026311164721846581;
59895217.391303733;0.026146434247493744;
60039999.999999382;0.025980144739151001;
60184782.60869503;0.025724355131387711;
60329565.217390679;0.025297971442341805;
60474347.826086327;0.025050245225429535;
60619130.434781976;0.024768603965640068;
60763913.043477625;0.024500546976923943;
60908695.652173273;0.024266911670565605;
61053478.260868922;0.023996042087674141;
61198260.86956457;0.023635432124137878;
61343043.478260219;0.023427944630384445;
61487826.086955868;0.023297308012843132;
61632608.695651516;0.022809684276580811;
61777391.304347165;0.022588642314076424;
61922173.913042814;0.022231800481677055;
62066956.521738462;0.021787203848361969;
62211739.130434111;0.021498173475265503;
62356521.739129759;0.021336214616894722;
62501304.347825408;0.02092709019780159;
62646086.956521057;0.020649336278438568;
62790869.565216705;0.020214961841702461;
62935652.173912354;0.019856616854667664;
63080434.782608002;0.019500885158777237;
63225217.391303651;0.019110389053821564;
63369999.9999993;0.018830969929695129;
63514782.608694948;0.018428251147270203;
63659565.217390597;0.018007490783929825;
63804347.826086245;0.017732786014676094;
63949130.434781894;0.017268765717744827;
64093913.043477543;0.016991356387734413;
64238695.652173191;0.016569722443819046;
64383478.26086884;0.016328070312738419;
64528260.869564489;0.015926698222756386;
64673043.478260137;0.015668585896492004;
64817826.086955786;0.01523097138851881;
64962608.695651434;0.014951189048588276;
65107391.304347083;0.014783769845962524;
65252173.913042732;0.014390386641025543;
65396956.52173838;0.014184454455971718;
65541739.130434029;0.013932948932051659;
65686521.739129677;0.013757620006799698;
65831304.347825326;0.013589867390692234;
65976086.956520975;0.013397468253970146;
66120869.565216623;0.013174101710319519;
66265652.173912272;0.013018351979553699;
66410434.78260792;0.0127824442461133;
66555217.391303569;0.012698005884885788;
66699999.999999218;0.012541281990706921;
66844782.608694866;0.012428984977304935;
66989565.217390515;0.012206574901938438;
67134347.826086164;0.012199867516756058;
67279130.43478182;0.012190558947622776;
67423913.043477476;0.011962669901549816;
67568695.652173132;0.011909914202988148;
67713478.260868788;0.01177639327943325;
67858260.869564444;0.011627080850303173;
68003043.4782601;0.011741479858756065;
68147826.086955756;0.011574659496545792;
68292608.695651412;0.011411321349442005;
68437391.304347068;0.011403330601751804;
68582173.913042724;0.011350885964930058;
68726956.52173838;0.011344858445227146;
68871739.130434036;0.011283284984529018;
69016521.739129692;0.011378412134945393;
69161304.347825348;0.011273566633462906;
69306086.956521004;0.011168414726853371;
69450869.56521666;0.010986927896738052;
69595652.173912317;0.010996116325259209;
69740434.782607973;0.011124474927783012;
69885217.391303629;0.01093866303563118;
70029999.999999285;0.010780639946460724;
70174782.608694941;0.010807070881128311;
70319565.217390597;0.010849900543689728;
70464347.826086253;0.010654251091182232;
70609130.434781909;0.010690994560718536;
70753913.043477565;0.010613128542900085;
70898695.652173221;0.010655044578015804;
71043478.260868877;0.010616632178425789;
71188260.869564533;0.010587721131742001;
71333043.478260189;0.01050235703587532;
71477826.086955845;0.010361888445913792;
71622608.695651501;0.010337813757359982;
71767391.304347157;0.010348595678806305;
71912173.913042814;0.010340133681893349;
72056956.52173847;0.010355140082538128;
72201739.130434126;0.010170390829443932;
72346521.739129782;0.010105514898896217;
72491304.347825438;0.010060819797217846;
72636086.956521094;0.010140223428606987;
72780869.56521675;0.010015512816607952;
72925652.173912406;0.0099567566066980362;
73070434.782608062;0.0099526951089501381;
73215217.391303718;0.0098377242684364319;
73359999.999999374;0.0099074272438883781;
73504782.60869503;0.0099033685401082039;
73649565.217390686;0.0097380196675658226;
73794347.826086342;0.0097262822091579437;
73939130.434781998;0.0097325937822461128;
74083913.043477654;0.009731522761285305;
74228695.652173311;0.0095983315259218216;
74373478.260868967;0.0095118181779980659;
74518260.869564623;0.0095844222232699394;
74663043.478260279;0.0095542976632714272;
74807826.086955935;0.0093948841094970703;
74952608.695651591;0.0092642186209559441;
75097391.304347247;0.0093046659603714943;
75242173.913042903;0.0093056261539459229;
75386956.521738559;0.0092843743041157722;
75531739.130434215;0.0092526869848370552;
75676521.739129871;0.0091170528903603554;
75821304.347825527;0.0091581912711262703;
75966086.956521183;0.0090533345937728882;
76110869.565216839;0.0090996343642473221;
76255652.173912495;0.0088680936023592949;
76400434.782608151;0.008927597664296627;
76545217.391303807;0.0089759072288870811;
76689999.999999464;0.0087059140205383301;
76834782.60869512;0.0087322480976581573;
76979565.217390776;0.0088155046105384827;
77124347.826086432;0.008646104484796524;
77269130.434782088;0.0086946208029985428;
77413913.043477744;0.0084742307662963867;
77558695.6521734;0.0085636600852012634;
77703478.260869056;0.0086003877222537994;
77848260.869564712;0.0085277426987886429;
77993043.478260368;0.0084323203191161156;
78137826.086956024;0.0084830354899168015;
78282608.69565168;0.0082352366298437119;
78427391.304347336;0.0082271154969930649;
78572173.913042992;0.0081850597634911537;
78716956.521738648;0.0082568740472197533;
78861739.130434304;0.0081235449761152267;
79006521.739129961;0.0081078903749585152;
79151304.347825617;0.0080073112621903419;
79296086.956521273;0.0078842407092452049;
79440869.565216929;0.0079370820894837379;
79585652.173912585;0.0078662075102329254;
79730434.782608241;0.0077884760685265064;
79875217.391303897;0.0077463686466217041;
80019999.999999553;0.0077297436073422432;
80164782.608695209;0.0077417464926838875;
80309565.217390865;0.0075655970722436905;
80454347.826086521;0.0075068273581564426;
80599130.434782177;0.0075220759026706219;
80743913.043477833;0.0075639225542545319;
80888695.652173489;0.0074256272055208683;
81033478.260869145;0.0075131021440029144;
81178260.869564801;0.0073042069561779499;
81323043.478260458;0.0073367590084671974;
81467826.086956114;0.0073530892841517925;
81612608.69565177;0.0070625436492264271;
81757391.304347426;0.0073274848982691765;
81902173.913043082;0.0071879765018820763;
82046956.521738738;0.0070314384065568447;
82191739.130434394;0.0072436188347637653;
82336521.73913005;0.0071500451304018497;
82481304.347825706;0.0070825270377099514;
82626086.956521362;0.0069772591814398766;
82770869.565217018;0.0070573980920016766;
82915652.173912674;0.0069954553619027138;
83060434.78260833;0.006894686259329319;
83205217.391303986;0.0068616750650107861;
83349999.999999642;0.0068775671534240246;
83494782.608695298;0.0067211366258561611;
83639565.217390954;0.0067556505091488361;
83784347.826086611;0.0066736042499542236;
83929130.434782267;0.0066550932824611664;
84073913.043477923;0.0066644293256103992;
84218695.652173579;0.0067161442711949348;
84363478.260869235;0.0066663394682109356;
84508260.869564891;0.0064597292803227901;
84653043.478260547;0.0065289158374071121;
84797826.086956203;0.0064125033095479012;
84942608.695651859;0.0065101101063191891;
85087391.304347515;0.006501469761133194;
85232173.913043171;0.0064559243619441986;
85376956.521738827;0.0063161966390907764;
85521739.130434483;0.0062376041896641254;
85666521.739130139;0.0063696778379380703;
85811304.347825795;0.0063374629244208336;
85956086.956521451;0.006185128353536129;
86100869.565217108;0.0061995941214263439;
86245652.173912764;0.0061963940970599651;
86390434.78260842;0.0061059752479195595;
86535217.391304076;0.0060831424780189991;
86679999.999999732;0.006122758612036705;
86824782.608695388;0.0061264531686902046;
86969565.217391044;0.0059700054116547108;
87114347.8260867;0.0060220891609787941;
87259130.434782356;0.0059487717226147652;
87403913.043478012;0.0060109938494861126;
87548695.652173668;0.0058883079327642918;
87693478.260869324;0.0058151953853666782;
87838260.86956498;0.005788782611489296;
87983043.478260636;0.0057904822751879692;
88127826.086956292;0.0058575039729475975;
88272608.695651948;0.0056603099219501019;
88417391.304347605;0.005657147616147995;
88562173.913043261;0.0057516051456332207;
88706956.521738917;0.0055466764606535435;
88851739.130434573;0.0056189321912825108;
88996521.739130229;0.005536970216780901;
89141304.347825885;0.0057357386685907841;
89286086.956521541;0.0055157430469989777;
89430869.565217197;0.0054997033439576626;
89575652.173912853;0.0056470087729394436;
89720434.782608509;0.0056603336706757545;
89865217.391304165;0.0053353924304246902;
90009999.999999821;0.0054328879341483116;
90154782.608695477;0.0055360947735607624;
90299565.217391133;0.005375236738473177;
90444347.826086789;0.0052539813332259655;
90589130.434782445;0.0052937990985810757;
90733913.043478101;0.0053850095719099045;
90878695.652173758;0.0052263485267758369;
91023478.260869414;0.0053202272392809391;
91168260.86956507;0.0054505658335983753;
91313043.478260726;0.0053102551028132439;
91457826.086956382;0.005281718447804451;
91602608.695652038;0.0051655690185725689;
91747391.304347694;0.0050760107114911079;
91892173.91304335;0.0051253559067845345;
92036956.521739006;0.0051428056322038174;
92181739.130434662;0.0051448456943035126;
92326521.739130318;0.0050662355497479439;
92471304.347825974;0.0051493351347744465;
92616086.95652163;0.0050244033336639404;
92760869.565217286;0.0050552673637866974;
92905652.173912942;0.0049559478648006916;
93050434.782608598;0.0051139495335519314;
93195217.391304255;0.004996555857360363;
93339999.999999911;0.004864194430410862;
93484782.608695567;0.0048387693241238594;
93629565.217391223;0.0049307160079479218;
93774347.826086879;0.0048750527203083038;
93919130.434782535;0.0049465256743133068;
94063913.043478191;0.0048634619452059269;
94208695.652173847;0.004766309168189764;
94353478.260869503;0.0048443358391523361;
94498260.869565159;0.0048297564499080181;
94643043.478260815;0.0048702117055654526;
94787826.086956471;0.0047325515188276768;
94932608.695652127;0.0046965200453996658;
95077391.304347783;0.0046904557384550571;
95222173.913043439;0.0048076603561639786;
95366956.521739095;0.0046342429704964161;
95511739.130434752;0.0047009713016450405;
95656521.739130408;0.0045593800023198128;
95801304.347826064;0.0046393848024308681;
95946086.95652172;0.0046400981955230236;
96090869.565217376;0.0044670184142887592;
96235652.173913032;0.0046545281074941158;
96380434.782608688;0.0045992913655936718;
96525217.391304344;0.0044900309294462204;
96670000;0.0044175982475280762;
96814782.608695656;0.0045339246280491352;
96959565.217391312;0.0045193303376436234;
97104347.826086968;0.0045032170601189137;
97249130.434782624;0.0044378452003002167;
97393913.04347828;0.0044871410354971886;
97538695.652173936;0.0042908824980258942;
97683478.260869592;0.0043814969249069691;
97828260.869565248;0.0043619382195174694;
97973043.478260905;0.0042195678688585758;
98117826.086956561;0.0041611199267208576;
98262608.695652217;0.0043915072456002235;
98407391.304347873;0.0042523806914687157;
98552173.913043529;0.0042313686572015285;
98696956.521739185;0.0040878504514694214;
98841739.130434841;0.0041959984228014946;
98986521.739130497;0.0042331642471253872;
99131304.347826153;0.0041684345342218876;
99276086.956521809;0.0041424883529543877;
99420869.565217465;0.0040548178367316723;
99565652.173913121;0.0040147830732166767;
99710434.782608777;0.0040725921280682087;
99855217.391304433;0.0039178561419248581;
100000000.00000009;0.004051918163895607;
